     0/499     2.12G    0.1057   0.02461   0.06535    0.1957        19       640         0         0         0         0   0.09583   0.02253   0.05765
     1/499     3.02G   0.09677   0.02339   0.05754    0.1777        23       640  3.57e-06 0.0001707 6.254e-08 6.254e-09   0.09533   0.02131   0.05083
     2/499     3.02G   0.09434   0.02293   0.05204    0.1693        17       640 0.0001498   0.04034 4.346e-05 8.002e-06    0.1015   0.01914   0.05408
     3/499     3.03G   0.08903   0.02382   0.04428    0.1571        13       640    0.9103   0.02995  0.001547 0.0003019     0.095   0.01828   0.04585
     4/499     3.03G   0.08098   0.02175   0.03759    0.1403        12       640    0.8105   0.09527   0.06453   0.01702   0.08717   0.01857    0.0278
     5/499     3.03G   0.07831    0.0189   0.03422    0.1314        18       640    0.4549  0.004729 0.0001133 2.218e-05    0.1099    0.0253   0.04451
     6/499     3.03G   0.07431    0.0183   0.03143     0.124        21       640    0.5455    0.3008    0.1756   0.07274   0.06644   0.01664    0.0211
     7/499     3.03G   0.07341   0.01705   0.03011    0.1206        17       640    0.7276   0.03994 0.0001923 3.239e-05    0.1189   0.03804    0.1031
     8/499     3.03G   0.07088   0.01673   0.02743     0.115        28       640    0.4554   0.09454 0.0004299 7.089e-05    0.1252   0.03101    0.1333
     9/499     3.03G   0.06732   0.01569   0.02526    0.1083        29       640    0.3576    0.1997   0.09624   0.02636     0.095   0.02133   0.07386
    10/499     3.03G   0.06289   0.01435   0.02301    0.1002        18       640    0.1765    0.4831    0.2028   0.07948   0.08322   0.01746   0.06395
    11/499     3.03G   0.05998   0.01426   0.02014   0.09439        26       640   0.06039    0.2245   0.04581   0.01282    0.1093   0.02191   0.09516
    12/499     3.03G   0.05925   0.01304   0.01956   0.09185        26       640    0.4193    0.2841    0.2715    0.1032   0.06131   0.01347   0.02283
    13/499     3.03G   0.05557   0.01314   0.01769    0.0864        27       640    0.4704    0.4374    0.4046    0.1594   0.05528   0.01196   0.01891
    14/499     3.03G   0.05457   0.01183   0.01571   0.08211        25       640    0.5746    0.7159    0.7123    0.3088   0.04782  0.009911   0.01066
    15/499     3.03G   0.05273    0.0117   0.01491   0.07934        24       640    0.4129    0.4441    0.3241    0.1231   0.09263   0.01776   0.07433
    16/499     3.03G   0.05393   0.01178   0.01515   0.08086        18       640    0.7302    0.5369    0.5944    0.2767   0.05037   0.01241   0.01191
    17/499     3.03G   0.05085   0.01149   0.01286    0.0752        25       640    0.6788    0.7686    0.7998    0.4168   0.04549  0.009142  0.009483
    18/499     3.03G   0.05082     0.011   0.01318     0.075        21       640     0.718    0.6289    0.6502    0.3359   0.04889   0.01207   0.01274
    19/499     3.03G    0.0494   0.01093   0.01179   0.07212        15       640    0.5534    0.1296   0.02198  0.007912    0.1177   0.04149     0.133
    20/499     3.03G   0.04957   0.01091   0.01124   0.07172        23       640    0.7207    0.7834    0.7806    0.4115   0.04315  0.009474  0.009251
    21/499     3.03G   0.04796   0.01068  0.009751   0.06839        17       640    0.7672    0.8652    0.8868    0.4539   0.04391  0.008222  0.005913
    22/499     3.03G   0.04742   0.01058  0.009892   0.06789        20       640     0.865     0.921    0.9427    0.4745   0.04162  0.008149  0.004708
    23/499     3.03G   0.04787   0.01054  0.008886   0.06729        25       640    0.8394    0.8753    0.9033    0.4981   0.04181  0.008362  0.005542
    24/499     3.03G   0.04507    0.0102  0.008828    0.0641        17       640    0.8675    0.8969    0.9255    0.5336   0.03972  0.007995  0.005284
    25/499     3.03G   0.04612   0.01021  0.007752   0.06408        20       640    0.8573    0.9117     0.934    0.5095   0.04105  0.008016  0.004831
    26/499     3.03G   0.04558  0.009984  0.007313   0.06288        20       640    0.8373    0.8887    0.9186    0.5072   0.03992  0.007954  0.004478
    27/499     3.03G   0.04589   0.01029  0.008295   0.06448        27       640    0.8607    0.7228    0.8298    0.4354   0.04426   0.01013  0.009315
    28/499     3.03G   0.04528  0.009993  0.008533   0.06381        15       640    0.8882    0.9277    0.9533    0.5773    0.0384  0.007847   0.00441
    29/499     3.03G   0.04502  0.009904  0.006914   0.06184        19       640    0.7945    0.8109    0.8662    0.4452   0.04595  0.008353  0.006427
    30/499     3.03G   0.04423   0.01016  0.007352   0.06174        26       640    0.3423    0.4402     0.271    0.1346   0.09691   0.01633    0.1097
    31/499     3.03G   0.04267  0.009811  0.006405   0.05889        13       640    0.8866     0.939    0.9489    0.5625   0.03799  0.007451  0.003566
    32/499     3.03G   0.04303  0.009918  0.006537   0.05949        14       640    0.9239    0.9432    0.9617    0.5645   0.03873  0.007516  0.003673
    33/499     3.03G   0.04299  0.009689  0.005906   0.05859        27       640    0.8782    0.9209    0.9623      0.57   0.03869  0.008123  0.003491
    34/499     3.03G   0.04239  0.009379  0.005062   0.05683        17       640    0.9321    0.9394     0.966    0.5746   0.03886  0.007378  0.002643
    35/499     3.03G     0.042  0.009581  0.005557   0.05714        24       640     0.848    0.8796    0.9166    0.5573    0.0406  0.007938  0.004403
    36/499     3.03G   0.04348  0.009446  0.005249   0.05818        20       640    0.9034    0.9237    0.9312    0.5693   0.03767  0.007276  0.003146
    37/499     3.03G   0.04124  0.009452   0.00541    0.0561        25       640    0.9504    0.9367    0.9729    0.6236    0.0376  0.007496  0.003569
    38/499     3.03G   0.04118  0.009221  0.004743   0.05515        22       640     0.966    0.9431    0.9798    0.6394   0.03673  0.007349  0.002665
    39/499     3.03G   0.04099  0.009249  0.004715   0.05495        14       640     0.955    0.9624    0.9748    0.6355    0.0363  0.007129   0.00222
    40/499     3.03G   0.04184  0.009172  0.004863   0.05587        17       640    0.9421   0.03626   0.02814   0.01098    0.1135   0.01624    0.1213
    41/499     3.03G   0.04099  0.009167  0.004957   0.05511        18       640    0.9721    0.9337    0.9746     0.619    0.0366  0.007319  0.002436
    42/499     3.03G   0.03994  0.009255  0.004493   0.05369        21       640    0.9631    0.9699    0.9794    0.6467    0.0361  0.007105  0.002049
    43/499     3.03G   0.04112  0.009437   0.00507   0.05563        26       640    0.8906    0.9352    0.9699     0.627   0.03757  0.007498  0.002939
    44/499     3.03G   0.04107   0.00904   0.00501   0.05512        24       640    0.9133    0.8994    0.9626    0.5932    0.0364  0.007102    0.0035
    45/499     3.03G   0.03949  0.008974  0.003888   0.05235        21       640     0.948    0.9653    0.9812    0.6567   0.03585  0.006997  0.001911
    46/499     3.03G   0.03935  0.009312  0.005093   0.05375        27       640    0.9627    0.9763    0.9767    0.6335   0.03594  0.007027  0.002155
    47/499     3.03G   0.03941  0.009118  0.004569   0.05309        20       640    0.9553    0.9534    0.9779    0.6347   0.03532  0.007065  0.002616
    48/499     3.03G    0.0396  0.008978  0.004569   0.05314        31       640    0.9784    0.9733    0.9841    0.6476   0.03527  0.006925  0.002074
    49/499     3.03G   0.03905  0.008888  0.004048   0.05199         8       640    0.9623    0.9797    0.9845    0.6699   0.03582  0.006979  0.002071
    50/499     3.03G   0.03888  0.008637  0.003604   0.05113        19       640    0.9224    0.8407    0.8892    0.5811   0.03789  0.007632  0.005768
    51/499     3.03G   0.03896  0.008754  0.003756   0.05147        17       640    0.9837    0.9853    0.9843     0.671   0.03516  0.006873  0.002249
    52/499     3.03G   0.03857  0.008787  0.003361   0.05071        31       640    0.8715     0.816    0.8602    0.5411   0.04161  0.008378  0.007671
    53/499     3.03G   0.03806  0.008901   0.00363    0.0506        29       640    0.9735    0.9578    0.9797    0.6268   0.03689  0.007158  0.002304
    54/499     3.03G   0.03763  0.008891  0.003847   0.05036        21       640    0.9885    0.9801    0.9868    0.6714   0.03418  0.006765   0.00162
    55/499     3.03G   0.03849  0.008655  0.003221   0.05037        23       640    0.9768    0.9833    0.9845    0.6714   0.03424  0.006674  0.001963
    56/499     3.03G   0.03767  0.008731   0.00357   0.04998        23       640    0.9832    0.9746    0.9858    0.6995   0.03413  0.006622  0.001606
    57/499     3.03G   0.03777  0.008575  0.003255    0.0496        30       640    0.9705    0.9758    0.9858     0.679   0.03411  0.006612  0.001859
    58/499     3.03G   0.03728  0.008669  0.003918   0.04987        22       640    0.8788    0.8857    0.9291    0.6139   0.05556  0.009212    0.0184
    59/499     3.03G   0.03819  0.008602  0.003602    0.0504        13       640    0.9758    0.9751    0.9838    0.6728   0.03474  0.006658  0.001916
    60/499     3.03G   0.03754  0.008711  0.003324   0.04957        19       640    0.9688    0.9806    0.9852    0.6943    0.0344  0.006762  0.001628
    61/499     3.03G   0.03868  0.008591   0.00378   0.05105        30       640    0.9149    0.8294    0.9032    0.5855   0.04766  0.008374   0.01217
    62/499     3.03G     0.037  0.008606  0.003234   0.04884        27       640    0.9824    0.9871    0.9863     0.694   0.03383  0.006716  0.001503
    63/499     3.03G   0.03789  0.008713   0.00322   0.04982        18       640    0.9862    0.9862    0.9847    0.6663   0.03434  0.006723  0.001809
    64/499     3.03G   0.03683  0.008455   0.00334   0.04862        26       640    0.9798    0.9776    0.9854    0.6941   0.03416  0.006618  0.001851
    65/499     3.03G   0.03585  0.008454  0.002854   0.04716        24       640    0.9856    0.9883    0.9868    0.7074   0.03335  0.006447  0.001513
    66/499     3.03G   0.03683  0.008558  0.002983   0.04837        21       640    0.9863    0.9873    0.9873    0.6923   0.03394  0.006472  0.001601
    67/499     3.03G   0.03694  0.008115   0.00268   0.04773        23       640    0.9817    0.9795     0.986    0.7077   0.03381  0.006682  0.001743
    68/499     3.03G   0.03553  0.008487  0.003018   0.04703        17       640    0.9327    0.8269    0.8642    0.5733   0.04887  0.008219   0.01457
    69/499     3.03G   0.03691  0.008496  0.002881   0.04829        21       640    0.9732    0.9805    0.9851     0.676   0.03424  0.006664  0.001701
    70/499     3.03G   0.03579  0.008543  0.003047   0.04738        19       640    0.9757    0.9841    0.9863    0.6923   0.03308  0.006418  0.001897
    71/499     3.03G   0.03645  0.008176  0.003351   0.04798        12       640    0.9758    0.9895    0.9868    0.7078   0.03328  0.006485  0.001564
    72/499     3.03G   0.03645  0.008309  0.003077   0.04784        24       640    0.9733    0.9828    0.9854    0.7035   0.03356  0.006408   0.00158
    73/499     3.03G   0.03684  0.008297  0.002938   0.04808        22       640    0.9443    0.9733    0.9632     0.666   0.03419  0.006403  0.001602
    74/499     3.03G   0.03581  0.008199  0.002698   0.04671        21       640    0.9882    0.9908    0.9874    0.7227   0.03296  0.006287  0.001478
    75/499     3.03G   0.03549  0.008148   0.00254   0.04618        18       640    0.9706    0.9702    0.9855    0.6922   0.03375  0.006352   0.00214
    76/499     3.03G   0.03617  0.008357  0.003099   0.04762        18       640    0.9865    0.9838    0.9857    0.7177   0.03319  0.006261  0.001494
    77/499     3.03G   0.03526  0.008309  0.002921   0.04649        25       640    0.9865    0.9768    0.9866    0.7036   0.03325  0.006312  0.001458
    78/499     3.03G   0.03471  0.008174  0.002888   0.04578        26       640    0.9804    0.9867    0.9862    0.7112   0.03267  0.006278  0.001465
    79/499     3.03G   0.03503  0.008195  0.002663   0.04589        30       640     0.975    0.9797    0.9866    0.7139   0.03349  0.006437  0.001676
    80/499     3.03G   0.03558  0.008108  0.002627   0.04631        23       640    0.9254    0.8554     0.926    0.6162   0.05523  0.008786   0.02283
    81/499     3.03G   0.03557  0.007991    0.0028   0.04636        23       640    0.9739    0.9885    0.9871    0.7247   0.03253  0.006223  0.001356
    82/499     3.03G   0.03511  0.007972  0.002604   0.04568        23       640    0.9886    0.9833     0.987    0.7143   0.03257  0.006307  0.001526
    83/499     3.03G   0.03498  0.008231  0.002544   0.04575        22       640    0.9899    0.9904    0.9876     0.722   0.03224  0.006164  0.001326
    84/499     3.03G   0.03558  0.008027  0.002718   0.04632        24       640    0.9834    0.9812    0.9848    0.7092   0.03364  0.006343  0.001844
    85/499     3.03G   0.03503  0.008104  0.002705   0.04584        14       640    0.9899    0.9864     0.987    0.7299   0.03252  0.006307  0.001592
    86/499     3.03G   0.03425  0.007739  0.002525   0.04452        20       640    0.9865    0.9861    0.9864    0.7323   0.03199  0.006186  0.001392
    87/499     3.03G   0.03489  0.008031  0.002696   0.04562        24       640    0.9881    0.9879    0.9866    0.7206   0.03248  0.006156  0.001472
    88/499     3.03G   0.03482  0.007816    0.0025   0.04513        12       640    0.9882    0.9877    0.9869     0.745   0.03199  0.006163   0.00135
    89/499     3.03G   0.03474  0.007949   0.00217   0.04486        20       640    0.9874    0.9873     0.987    0.7335   0.03298  0.006264  0.001422
    90/499     3.03G   0.03337  0.007919  0.002444   0.04374        20       640     0.986    0.9883    0.9877    0.7331   0.03203  0.006171  0.001402
    91/499     3.03G   0.03612   0.00822  0.002864   0.04721        27       640    0.9861     0.987    0.9865    0.6955    0.0334   0.00648  0.001551
    92/499     3.03G   0.03432  0.008472  0.002745   0.04554        18       640    0.9807      0.99    0.9853     0.689   0.03273  0.006209  0.001476
    93/499     3.03G   0.03367  0.008038  0.002538   0.04425        21       640    0.9927    0.9886    0.9863    0.7379   0.03204  0.006128  0.001293
    94/499     3.03G   0.03403  0.008208  0.002423   0.04467        26       640    0.9896    0.9884    0.9871    0.7442   0.03173  0.006074  0.001291
    95/499     3.03G   0.03375  0.008109  0.002221   0.04408        18       640    0.9802    0.9857    0.9868    0.7164   0.03224  0.006167  0.001491
    96/499     3.03G   0.03409  0.008091  0.002313    0.0445        24       640    0.9891    0.9871    0.9866    0.7429   0.03143   0.00603  0.001353
    97/499     3.03G   0.03331  0.007775   0.00238   0.04347        16       640    0.9903    0.9905    0.9878    0.7502   0.03192   0.00601  0.001245
    98/499     3.03G   0.03277  0.007735  0.001966   0.04248        16       640    0.9925    0.9895    0.9878    0.7465   0.03132  0.005982  0.001208
    99/499     3.03G   0.03361  0.007756  0.002206   0.04357        20       640    0.9934    0.9892    0.9878    0.7538   0.03134  0.006137  0.001241
   100/499     3.03G    0.0332  0.007793  0.002353   0.04335        17       640    0.9901    0.9887    0.9875    0.7517   0.03109  0.005913  0.001277
   101/499     3.03G    0.0332  0.007798  0.002252   0.04325        28       640    0.9924      0.99     0.988    0.7547   0.03114  0.005918  0.001318
   102/499     3.03G   0.03276  0.007789  0.002035   0.04259        22       640    0.9886    0.9904    0.9876    0.7384   0.03191  0.006017  0.001211
   103/499     3.03G   0.03321  0.007658  0.002153   0.04302        27       640    0.9892    0.9869    0.9879    0.7337   0.03132  0.006056  0.001305
   104/499     3.03G   0.03262  0.007844   0.00231   0.04277        18       640    0.9883    0.9893    0.9876    0.7548   0.03134  0.005981  0.001329
   105/499     3.03G   0.03387  0.008005  0.002228   0.04411        27       640    0.9907    0.9895    0.9876    0.7464   0.03178  0.006047  0.001283
   106/499     3.03G   0.03335  0.007782   0.00207    0.0432        18       640    0.9903    0.9893    0.9879    0.7504   0.03166  0.006015  0.001246
   107/499     3.03G   0.03298  0.007762   0.00228   0.04302        21       640    0.9924    0.9896    0.9877    0.7578    0.0311  0.005886  0.001209
   108/499     3.03G   0.03254  0.007722  0.002209   0.04247        21       640    0.9932    0.9897     0.988    0.7522   0.03086  0.005976  0.001158
   109/499     3.03G   0.03343  0.007762  0.002169   0.04336        24       640     0.988    0.9889    0.9879    0.7592   0.03098  0.005924  0.001254
   110/499     3.03G   0.03316  0.007756  0.002283   0.04319        27       640    0.9883    0.9883    0.9877    0.7573    0.0312   0.00595  0.001147
   111/499     3.03G   0.03292  0.007715  0.002229   0.04286        17       640    0.9904    0.9891    0.9873    0.7546   0.03106  0.005909  0.001269
   112/499     3.03G   0.03313  0.007542  0.002447   0.04312        23       640    0.9889    0.9894    0.9869    0.7455   0.03139  0.005926  0.001355
   113/499     3.03G   0.03277  0.007532  0.002186   0.04249        17       640    0.9901    0.9902    0.9878     0.764   0.03093  0.005878  0.001191
   114/499     3.03G   0.03242  0.007793   0.00211   0.04232        26       640    0.9929    0.9898    0.9882    0.7645    0.0305  0.005827  0.001153
   115/499     3.03G   0.03175  0.007775  0.001997   0.04153        16       640    0.9918    0.9908    0.9877    0.7636   0.03051  0.005764  0.001129
   116/499     3.03G    0.0324  0.007635  0.002041   0.04207        16       640    0.9846    0.9896    0.9875    0.7684   0.03061  0.005873  0.001254
   117/499     3.03G   0.03219  0.007746  0.002025   0.04196        16       640    0.9908    0.9896     0.988    0.7737   0.03043   0.00576  0.001102
   118/499     3.03G   0.03163  0.007777  0.002123   0.04153        21       640    0.9911    0.9909     0.988    0.7688   0.03047   0.00577  0.001142
   119/499     3.03G   0.03302  0.007664  0.002032   0.04271        23       640    0.9908    0.9887    0.9873    0.7613   0.03067  0.005831  0.001361
   120/499     3.03G   0.03255  0.007654  0.002062   0.04227        18       640    0.9466    0.9874     0.962    0.7293   0.03096  0.005836  0.001174
   121/499     3.03G   0.03192  0.007663  0.002204   0.04178        14       640    0.9853    0.9915    0.9881    0.7712   0.03053  0.005763  0.001129
   122/499     3.03G   0.03184  0.007598  0.002016   0.04145        18       640    0.9902    0.9915     0.988    0.7746   0.03016  0.005793  0.001194
   123/499     3.03G   0.03118  0.007606  0.001865   0.04065        18       640    0.9925    0.9902    0.9875    0.7713   0.03023  0.005724   0.00111
   124/499     3.03G   0.03263  0.007532  0.002102   0.04226        12       640    0.9851    0.9819    0.9873    0.7571   0.03104  0.005853  0.001846
   125/499     3.03G   0.03234  0.007775  0.002282    0.0424        20       640    0.9896    0.9906    0.9878    0.7632   0.03043  0.005793  0.001165
   126/499     3.03G   0.03231  0.007746  0.002011   0.04207        22       640     0.991    0.9906    0.9873    0.7652   0.03053  0.005775  0.001002
   127/499     3.03G   0.03229  0.007427  0.002064   0.04178        23       640     0.988    0.9907    0.9878    0.7646   0.03067  0.005773  0.001236
   128/499     3.03G   0.03165  0.007796  0.001805   0.04125        22       640    0.9916    0.9915    0.9881    0.7706   0.03016  0.005774  0.001089
   129/499     3.03G    0.0319  0.007514  0.001934   0.04135        19       640    0.9911    0.9917    0.9885    0.7726   0.03006  0.005691  0.001042
   130/499     3.03G   0.03203  0.007515  0.002054    0.0416        20       640     0.993    0.9917    0.9882     0.777      0.03  0.005764  0.001091
   131/499     3.03G   0.03278  0.007682  0.002596   0.04306        30       640    0.9868    0.9915    0.9879    0.7626   0.03077  0.005807  0.001332
   132/499     3.03G   0.03251  0.007677  0.003195   0.04338        19       640    0.9934    0.9918    0.9883    0.7684   0.03032  0.006217  0.001185
   133/499     3.03G   0.03205  0.007668  0.002607   0.04233        16       640    0.9922    0.9903    0.9879    0.7707   0.03045   0.00577  0.001019
   134/499     3.03G    0.0317  0.007417  0.001773   0.04089        24       640    0.9909    0.9908    0.9883     0.773   0.03017  0.005777 0.0009774
   135/499     3.03G   0.03292  0.007499  0.001984   0.04241        27       640    0.9925    0.9914    0.9877    0.7698   0.03024  0.005686  0.001131
   136/499     3.03G   0.03122  0.007551  0.002001   0.04077        19       640    0.9921    0.9913    0.9882    0.7716   0.03003    0.0057  0.001073
   137/499     3.03G   0.03182  0.007318  0.001952   0.04109        19       640    0.9893    0.9911    0.9876    0.7674   0.03021  0.005724  0.001027
   138/499     3.03G   0.03099  0.007501  0.002001   0.04049        25       640    0.9931    0.9911    0.9886    0.7877   0.02982  0.005641  0.001044
   139/499     3.03G   0.03121  0.007288  0.001786   0.04028        18       640    0.9928    0.9903    0.9882    0.7831   0.02983  0.005655 0.0009832
   140/499     3.03G   0.03157  0.007558  0.001906   0.04104        17       640    0.9925    0.9919    0.9881    0.7811   0.02959  0.005608  0.001055
   141/499     3.03G   0.03147  0.007422  0.001738   0.04063        17       640    0.9939    0.9912     0.988     0.788   0.02968  0.005593  0.001057
   142/499     3.03G   0.03067  0.007215  0.001746   0.03963        18       640    0.9931    0.9912    0.9883    0.7803   0.02972  0.005602   0.00101
   143/499     3.03G   0.03131   0.00766  0.001948   0.04091        19       640    0.9894    0.9894    0.9877    0.7788   0.02963  0.005661   0.00121
   144/499     3.03G   0.03131  0.007234  0.001824   0.04037        26       640    0.9928    0.9915    0.9884     0.783   0.02954  0.005528  0.001013
   145/499     3.03G   0.03147  0.007334  0.001771   0.04057        23       640    0.9931    0.9914    0.9882    0.7852   0.02946  0.005573  0.001044
   146/499     3.03G   0.03065  0.007462  0.001883   0.03999        22       640    0.9932    0.9918    0.9882    0.7862   0.02943  0.005555  0.001046
   147/499     3.03G   0.03149  0.007294   0.00182    0.0406        24       640    0.9934    0.9921    0.9889     0.791   0.02943  0.005567  0.001076
   148/499     3.03G   0.03099  0.007129  0.001728   0.03984        25       640    0.9918    0.9916    0.9881    0.7706   0.02948  0.005547   0.00103
   149/499     3.03G    0.0312  0.007205  0.002726   0.04113        24       640    0.9864    0.9896    0.9875    0.7837    0.0296  0.005612  0.001156
   150/499     3.03G   0.03087  0.007677  0.001989   0.04053        17       640    0.9922    0.9916    0.9883    0.7864   0.02946  0.005607 0.0009358
   151/499     3.03G   0.03049  0.007355  0.001851   0.03969        25       640    0.9924    0.9911    0.9884    0.7896   0.02927  0.005572 0.0009644
   152/499     3.03G   0.03023  0.007311   0.00215   0.03969        24       640    0.9927     0.992    0.9889    0.7848   0.02923  0.005549  0.001053
   153/499     3.03G   0.03124  0.007532  0.001958   0.04073        24       640    0.9896    0.9913    0.9886    0.7819   0.02896  0.005544  0.001012
   154/499     3.03G   0.02932  0.007299  0.001833   0.03846        15       640    0.9933    0.9914    0.9883    0.7963   0.02887  0.005493 0.0009622
   155/499     3.03G   0.03095   0.00735  0.001993    0.0403        19       640    0.9916    0.9913    0.9883      0.79   0.02907  0.005554  0.001072
   156/499     3.03G   0.03099  0.007421  0.001347   0.03976        23       640    0.9931    0.9921    0.9888    0.7856   0.02917    0.0055 0.0009504
   157/499     3.03G   0.03031  0.007077  0.001668   0.03905        26       640     0.993    0.9916    0.9886    0.7961   0.02906  0.005463 0.0009348
   158/499     3.03G   0.03036  0.007257  0.001881    0.0395        29       640     0.993    0.9918    0.9884    0.7982   0.02922  0.005476 0.0009971
   159/499     3.03G    0.0299  0.007276  0.001848   0.03902        23       640    0.9936    0.9916    0.9885    0.7935   0.02913  0.005494  0.001039
   160/499     3.03G   0.03029  0.007472  0.001547   0.03931        26       640    0.9941     0.991    0.9887    0.7891   0.02905    0.0055 0.0009459
   161/499     3.03G   0.03051  0.007191  0.001431   0.03913        23       640    0.9911    0.9916    0.9887    0.8002   0.02866  0.005438 0.0009367
   162/499     3.03G   0.03024  0.007198  0.001456   0.03889        24       640    0.9919    0.9908    0.9883     0.799   0.02887  0.005469 0.0009465
   163/499     3.03G   0.03038  0.007107  0.001519   0.03901        14       640    0.9933    0.9916    0.9885    0.7958   0.02912  0.005442 0.0009941
   164/499     3.03G   0.03108  0.007185  0.001712   0.03998        24       640    0.9917    0.9913     0.988    0.7911   0.02883   0.00545  0.001025
   165/499     3.03G   0.03017   0.00735   0.00169   0.03921        20       640    0.9931     0.992     0.988    0.7988   0.02866  0.005424 0.0009488
   166/499     3.03G   0.02941  0.007153  0.001544   0.03811        19       640    0.9926    0.9918    0.9882    0.8098   0.02869  0.005406 0.0009136
   167/499     3.03G   0.02986  0.007205  0.001802   0.03887        21       640    0.9931    0.9922    0.9885    0.8052   0.02879  0.005382 0.0009321
   168/499     3.03G   0.03027  0.007175   0.00184   0.03929        24       640     0.985    0.9915    0.9875    0.7923   0.02883  0.005431 0.0009964
   169/499     3.03G   0.02982  0.007229  0.001756   0.03881        18       640     0.993    0.9909    0.9883    0.7988   0.02861  0.005388 0.0009777
   170/499     3.03G   0.02943  0.007389  0.001725   0.03854        19       640    0.9931    0.9915    0.9885    0.8021   0.02866  0.005379 0.0009544
   171/499     3.03G   0.03028  0.007321  0.001543   0.03914        25       640    0.9907    0.9916    0.9883    0.8056    0.0287  0.005408 0.0009701
   172/499     3.03G   0.02977  0.007048   0.00154   0.03835        16       640    0.9912    0.9919    0.9888     0.807   0.02849  0.005406 0.0008588
   173/499     3.03G   0.02995  0.007098  0.001723   0.03877        15       640    0.9925    0.9913    0.9883    0.8014   0.02852  0.005415 0.0009117
   174/499     3.03G   0.03006    0.0071   0.00195   0.03911        26       640    0.9935    0.9916    0.9884    0.8052   0.02845  0.005398 0.0009398
   175/499     3.03G   0.02983  0.007245  0.001994   0.03907        15       640     0.993    0.9908    0.9881    0.8031   0.02845   0.00542  0.000984
   176/499     3.03G   0.02988  0.007163  0.001999   0.03904        19       640    0.9903    0.9912    0.9886    0.8061   0.02861  0.005429 0.0009148
   177/499     3.03G   0.03026  0.006992  0.001606   0.03886        17       640    0.9931    0.9916    0.9888     0.802   0.02847   0.00536 0.0009309
   178/499     3.03G   0.02979  0.007285   0.00188   0.03896        26       640    0.9927    0.9913    0.9884    0.8052   0.02861  0.005368 0.0009539
   179/499     3.03G   0.03006  0.007251  0.001776   0.03909        20       640    0.9869    0.9913    0.9888    0.8029   0.02854  0.005389 0.0009239
   180/499     3.03G   0.03028  0.007173  0.001898   0.03935        18       640    0.9923    0.9911    0.9893    0.8024   0.02839  0.005376 0.0009149
   181/499     3.03G   0.02969  0.007165  0.001404   0.03825        25       640     0.993    0.9917    0.9886    0.8043   0.02816  0.005375 0.0009293
   182/499     3.03G   0.02923  0.007061  0.001545   0.03784        26       640    0.9926    0.9916    0.9887    0.8071   0.02811  0.005305 0.0009436
   183/499     3.03G   0.02906  0.007219  0.001536   0.03781        21       640    0.9923    0.9921     0.989    0.8118   0.02798    0.0053 0.0008687
   184/499     3.03G   0.02928  0.006862  0.001662   0.03781        21       640    0.9922    0.9915    0.9884    0.8099   0.02796  0.005328  0.000882
   185/499     3.03G    0.0295  0.007167  0.001987   0.03865        23       640    0.9938    0.9921    0.9894    0.8134   0.02799  0.005325 0.0008607
   186/499     3.03G   0.02944  0.007321  0.001597   0.03836        20       640    0.9933    0.9923    0.9886    0.8102   0.02828  0.005333 0.0008633
   187/499     3.03G   0.02934  0.007079  0.001744   0.03816        28       640    0.9935    0.9916    0.9891    0.8078   0.02814   0.00532  0.000903
   188/499     3.03G   0.02972  0.007154  0.001346   0.03822        25       640     0.994    0.9915    0.9887     0.806   0.02818  0.005332  0.000878
   189/499     3.03G   0.02909  0.006936  0.001318   0.03734        20       640     0.993     0.992    0.9885     0.813   0.02805  0.005295 0.0008653
   190/499     3.03G   0.02892  0.007118  0.001859   0.03789        25       640    0.9933    0.9919     0.989    0.8157   0.02814  0.005317 0.0009114
   191/499     3.03G   0.02943  0.007203  0.001687   0.03832        29       640    0.9936     0.992    0.9891    0.8108   0.02782  0.005323 0.0009133
   192/499     3.03G   0.02881  0.007135  0.001467   0.03741        13       640    0.9933    0.9918    0.9888    0.8097   0.02765  0.005279 0.0008758
   193/499     3.03G   0.02903  0.006948  0.001456   0.03744        17       640    0.9938    0.9919    0.9893    0.8116   0.02763  0.005258  0.000892
   194/499     3.03G   0.02929  0.006973  0.001703   0.03797        22       640    0.9933    0.9918    0.9891    0.8149   0.02772  0.005258 0.0009273
   195/499     3.03G   0.02871  0.006868  0.001362   0.03694        17       640    0.9932    0.9918     0.989    0.8125   0.02781  0.005259 0.0009058
   196/499     3.03G   0.02934  0.007012  0.001565   0.03791        21       640    0.9932    0.9919     0.989     0.815   0.02768  0.005239 0.0008502
   197/499     3.03G    0.0287  0.007081  0.001574   0.03736        20       640    0.9935    0.9923    0.9896    0.8113   0.02778   0.00525 0.0008557
   198/499     3.03G   0.02838  0.007028  0.001412   0.03682        15       640    0.9934    0.9919     0.989    0.8177   0.02762  0.005233 0.0008197
   199/499     3.03G   0.02916  0.007008  0.001416   0.03759        21       640     0.994    0.9919    0.9892    0.8197   0.02746   0.00522 0.0008026
   200/499     3.03G   0.02907  0.007099  0.001388   0.03756        19       640    0.9945    0.9924    0.9895     0.817   0.02751  0.005203 0.0008556
   201/499     3.03G   0.02911   0.00694  0.001289   0.03734        16       640    0.9946    0.9921    0.9896    0.8173   0.02757  0.005205 0.0008836
   202/499     3.03G   0.02939  0.006724  0.001341   0.03746        17       640    0.9944    0.9916    0.9891    0.8174   0.02738  0.005192 0.0008561
   203/499     3.03G   0.02805  0.006792  0.001269   0.03611        14       640    0.9934    0.9923    0.9891    0.8192   0.02738  0.005188 0.0008257
   204/499     3.03G   0.02918  0.006924  0.001206   0.03731        28       640    0.9936    0.9919    0.9893     0.818   0.02734  0.005176 0.0008239
   205/499     3.03G   0.02833   0.00704  0.001244   0.03661        21       640    0.9941    0.9921    0.9897    0.8234   0.02726  0.005173 0.0007919
   206/499     3.03G   0.02825  0.006748  0.001305    0.0363        15       640     0.994    0.9919    0.9897     0.828    0.0272  0.005165  0.000831
   207/499     3.03G   0.02865  0.006946  0.001411   0.03701        29       640    0.9946    0.9916    0.9905    0.8274   0.02729  0.005165 0.0008366
   208/499     3.03G   0.02898  0.007013  0.001298   0.03729        19       640    0.9939     0.992    0.9896    0.8272   0.02732  0.005176 0.0008533
   209/499     3.03G   0.02853  0.006982  0.001418   0.03693        25       640     0.994     0.992    0.9896     0.821   0.02708  0.005164 0.0008172
   210/499     3.03G   0.02838  0.006706  0.001235   0.03633        20       640    0.9945    0.9922    0.9896    0.8257   0.02703  0.005145 0.0008097
   211/499     3.03G   0.02809    0.0068  0.001302   0.03619        14       640    0.9941     0.992    0.9895    0.8254   0.02711  0.005139 0.0008155
   212/499     3.03G   0.02852  0.006807  0.001308   0.03664        24       640    0.9942    0.9921    0.9893    0.8201   0.02716  0.005165 0.0008379
   213/499     3.03G   0.02779  0.006796  0.001413     0.036        11       640    0.9945    0.9917    0.9889     0.824   0.02706  0.005134 0.0007942
   214/499     3.03G   0.02781  0.006894  0.001289   0.03599        24       640    0.9935    0.9921     0.989    0.8284    0.0271   0.00514 0.0007888
   215/499     3.03G   0.02794  0.007041  0.001378   0.03636        26       640    0.9941     0.992    0.9907    0.8284   0.02694  0.005116 0.0007965
   216/499     3.03G   0.02729  0.006845  0.001337   0.03547        18       640    0.9944    0.9918    0.9923    0.8385   0.02676  0.005087 0.0007748
   217/499     3.03G   0.02831  0.006752  0.001427   0.03649        16       640    0.9939    0.9919     0.993     0.831    0.0268    0.0051 0.0007968
   218/499     3.03G   0.02794  0.006811  0.001302   0.03605        26       640    0.9941    0.9923    0.9933     0.833   0.02669  0.005086 0.0007848
   219/499     3.03G   0.02821  0.006918  0.001278    0.0364        26       640    0.9945    0.9922    0.9921    0.8299   0.02675  0.005104  0.000796
   220/499     3.03G   0.02821  0.006906  0.001493   0.03661        25       640     0.994     0.992    0.9905    0.8217   0.02695  0.005107 0.0008107
   221/499     3.03G   0.02781  0.006707  0.001804   0.03632        19       640    0.9941    0.9921    0.9923      0.83   0.02687  0.005108  0.000775
   222/499     3.03G   0.02815  0.006957  0.001761   0.03687        25       640     0.994    0.9923    0.9931    0.8317   0.02695  0.005124 0.0007458
   223/499     3.03G   0.02795  0.006834  0.001424    0.0362        15       640    0.9934    0.9918    0.9926    0.8315   0.02685   0.00511 0.0007618
   224/499      2.3G   0.02777  0.006661   0.00124   0.03567        19       640    0.9931    0.9919    0.9922    0.8309   0.02681  0.005098 0.0007672
   225/499     3.03G   0.02823  0.006986    0.0015   0.03672        23       640     0.994    0.9919    0.9935    0.8334   0.02666  0.005084 0.0007551
   226/499     3.03G   0.02767  0.006876  0.001493   0.03604        17       640    0.9946    0.9922    0.9935    0.8342   0.02669  0.005064 0.0007563
   227/499     3.03G   0.02729  0.006944  0.001211   0.03545        13       640    0.9939    0.9921    0.9934    0.8385    0.0265  0.005059 0.0007208
   228/499     3.03G   0.02758  0.006828  0.001338   0.03574        12       640    0.9934    0.9918    0.9929    0.8361   0.02663  0.005061 0.0007187
   229/499     3.03G   0.02777  0.006709  0.001167   0.03565        18       640    0.9936    0.9913     0.993    0.8324   0.02654  0.005045 0.0007417
   230/499     3.03G   0.02798   0.00699  0.001483   0.03646        21       640    0.9936     0.992    0.9933    0.8363   0.02642  0.005049 0.0007412
   231/499     3.03G   0.02862  0.006851  0.001369   0.03684        17       640    0.9942    0.9925    0.9938    0.8333   0.02642  0.005071 0.0008099
   232/499     3.03G   0.02824  0.006838  0.001207   0.03628        28       640     0.994    0.9926    0.9937    0.8333   0.02642  0.005062 0.0007498
   233/499     3.03G   0.02857  0.006969  0.001358    0.0369        29       640    0.9938    0.9922    0.9931    0.8258    0.0267  0.005094 0.0007509
   234/499     3.03G   0.02765  0.006693  0.001761    0.0361        18       640    0.9944    0.9919    0.9929    0.8377   0.02649  0.005055 0.0007563
   235/499     3.03G   0.02781  0.006907  0.001278   0.03599        26       640    0.9941    0.9921    0.9929    0.8337   0.02673  0.005077 0.0007666
   236/499     3.03G   0.02796  0.006619  0.001291   0.03587        26       640    0.9941    0.9918    0.9937    0.8375   0.02653  0.005042 0.0007625
   237/499     3.03G   0.02744    0.0068  0.001329   0.03557        27       640     0.994    0.9919     0.994    0.8362   0.02647  0.005041   0.00075
   238/499     3.03G   0.02765  0.006727  0.001359   0.03574        25       640    0.9938    0.9914    0.9938     0.841   0.02636  0.005012 0.0007403
   239/499     3.03G   0.02706  0.006741  0.001431   0.03524        24       640    0.9933    0.9917    0.9926    0.8364   0.02637  0.005018 0.0007323
   240/499     3.03G   0.02798  0.006811  0.001385   0.03617        18       640    0.9938     0.992    0.9934    0.8362   0.02651   0.00502 0.0007324
   241/499     3.03G   0.02742  0.006706  0.001282    0.0354        25       640    0.9941    0.9922    0.9935    0.8367   0.02628  0.005006  0.000728
   242/499     3.03G   0.02744  0.006651  0.001587   0.03568        21       640    0.9941    0.9923    0.9938    0.8399   0.02628  0.005007 0.0007332
   243/499     3.03G    0.0274  0.006788  0.001243   0.03544        15       640    0.9939    0.9924    0.9939    0.8394   0.02621  0.004988 0.0007181
   244/499     3.03G   0.02716  0.006674  0.001179   0.03502        23       640     0.994    0.9921     0.994    0.8429   0.02626  0.004976 0.0006836
   245/499     3.03G   0.02675  0.006627  0.001242   0.03462        17       640    0.9939    0.9922     0.994    0.8454    0.0261   0.00497 0.0006687
   246/499     3.03G   0.02691  0.006705  0.001083    0.0347        20       640     0.995    0.9933    0.9944    0.8422   0.02613  0.004967 0.0006769
   247/499     3.03G   0.02727  0.006759  0.001154   0.03519        25       640    0.9945    0.9923    0.9943    0.8435   0.02604  0.004962 0.0006978
   248/499     3.03G   0.02712   0.00666  0.001572   0.03535        17       640    0.9945    0.9921    0.9943    0.8404   0.02606  0.004962 0.0007238
   249/499     3.03G   0.02733  0.006783  0.001302   0.03541        20       640    0.9944    0.9922    0.9941    0.8382   0.02598  0.004957 0.0006975
   250/499     3.03G   0.02731  0.006556   0.00129   0.03516        20       640    0.9943    0.9924    0.9938    0.8416   0.02592  0.004957 0.0006986
   251/499     3.03G   0.02688  0.006815  0.001231   0.03493        27       640    0.9945    0.9919    0.9937    0.8412   0.02595  0.004964 0.0007202
   252/499     3.03G   0.02672  0.006605  0.001245   0.03457        15       640    0.9947    0.9921    0.9941    0.8484   0.02581  0.004948 0.0007026
   253/499     3.03G   0.02653  0.006513  0.001073   0.03412        19       640    0.9945    0.9925    0.9941    0.8472   0.02575  0.004944 0.0006627
   254/499     3.03G   0.02648   0.00674   0.00119    0.0344        26       640    0.9938    0.9921    0.9938    0.8478   0.02567  0.004926 0.0006697
   255/499     3.03G   0.02681   0.00667  0.001155   0.03464        13       640    0.9931    0.9919    0.9937    0.8453    0.0257  0.004929  0.000671
   256/499     3.03G   0.02666  0.006685  0.001245   0.03459        14       640    0.9925    0.9921    0.9941    0.8447   0.02569  0.004934 0.0007003
   257/499     3.03G   0.02715  0.006769  0.001116   0.03503        27       640     0.994    0.9923    0.9942    0.8446   0.02556  0.004941  0.000677
   258/499     3.03G   0.02706    0.0066  0.001045    0.0347        17       640    0.9945     0.992    0.9941    0.8457   0.02554   0.00493 0.0006712
   259/499     3.03G   0.02653  0.006691  0.001112   0.03433        24       640    0.9949    0.9922    0.9942    0.8505   0.02547  0.004909  0.000684
   260/499     3.03G   0.02717  0.006665    0.0012   0.03503        20       640    0.9949    0.9925    0.9941    0.8493   0.02547  0.004906 0.0006942
   261/499     3.03G   0.02653  0.006638  0.001248   0.03442        25       640    0.9951    0.9928     0.994    0.8496   0.02541  0.004894 0.0006952
   262/499     3.03G   0.02687  0.006595 0.0009475   0.03441        22       640    0.9948    0.9928    0.9939    0.8505   0.02539  0.004881 0.0006937
   263/499     3.03G    0.0266  0.006651  0.001149    0.0344        14       640    0.9942    0.9931    0.9939    0.8519   0.02534  0.004882  0.000692
   264/499     3.03G   0.02705  0.006502  0.001001   0.03456        17       640    0.9952    0.9939    0.9946    0.8523   0.02527   0.00487 0.0006791
   265/499     3.03G   0.02686  0.006538   0.00111   0.03451        18       640     0.995    0.9936    0.9944    0.8524   0.02518  0.004868 0.0006961
   266/499     3.03G    0.0259  0.006506  0.001203   0.03361        21       640    0.9952    0.9937    0.9946    0.8489   0.02516  0.004859 0.0006971
   267/499     3.03G    0.0264  0.006767  0.001109   0.03428        26       640    0.9952    0.9938    0.9947    0.8495   0.02518  0.004853 0.0006831
   268/499     3.03G   0.02656  0.006566  0.001141   0.03427        24       640    0.9944    0.9928    0.9944    0.8507    0.0252  0.004851 0.0006751
   269/499     3.03G   0.02654  0.006456  0.001086   0.03408        21       640    0.9951    0.9937    0.9944    0.8551   0.02511  0.004854 0.0006617
   270/499     3.03G    0.0259  0.006617   0.00119   0.03371        27       640     0.995    0.9939    0.9944    0.8528   0.02503  0.004853  0.000648
   271/499     3.03G   0.02601  0.006587   0.00108   0.03368        20       640    0.9951    0.9937    0.9945    0.8541   0.02507  0.004846 0.0006569
   272/499     3.03G   0.02696  0.006565  0.001208   0.03473        31       640    0.9951    0.9936    0.9945    0.8524    0.0251  0.004845 0.0006487
   273/499     3.03G   0.02564  0.006538 0.0009184   0.03309         8       640    0.9947    0.9936    0.9944    0.8524   0.02507  0.004832 0.0006564
   274/499     3.03G   0.02617  0.006406 0.0009836   0.03356        19       640    0.9942     0.992    0.9941    0.8532   0.02502  0.004811  0.000645
   275/499     3.03G   0.02614  0.006478  0.001069   0.03368        17       640    0.9943    0.9922    0.9942    0.8553   0.02493  0.004799 0.0006555
   276/499     3.03G   0.02581  0.006494 0.0009474   0.03325        31       640    0.9946    0.9923    0.9944     0.856   0.02488  0.004799 0.0006536
   277/499     3.03G   0.02627  0.006585  0.001084   0.03394        29       640    0.9946    0.9924    0.9945    0.8532    0.0249  0.004798 0.0006339
   278/499     3.03G    0.0258  0.006671  0.001119   0.03359        21       640    0.9942    0.9921    0.9943    0.8566    0.0248  0.004794 0.0006334
   279/499     3.03G   0.02611  0.006563  0.001077   0.03375        23       640    0.9947    0.9925    0.9943    0.8562   0.02482  0.004799  0.000624
   280/499     3.03G   0.02595  0.006692  0.001215   0.03385        23       640    0.9944    0.9925    0.9942    0.8554   0.02474  0.004799 0.0006356
   281/499     3.03G   0.02659  0.006627  0.000892   0.03411        30       640    0.9946    0.9926    0.9942    0.8531   0.02478  0.004806 0.0006209
   282/499     3.03G   0.02542  0.006551  0.001029     0.033        22       640    0.9945    0.9925    0.9941    0.8536   0.02474  0.004799 0.0006127
   283/499     3.03G   0.02662  0.006502  0.001219   0.03434        13       640    0.9936    0.9922    0.9942    0.8554   0.02469  0.004799 0.0006198
   284/499     3.03G     0.026  0.006605  0.001311   0.03391        19       640     0.994    0.9922    0.9944    0.8557   0.02459   0.00479 0.0006149
   285/499     3.03G   0.02615  0.006499  0.001182   0.03383        30       640    0.9953    0.9935    0.9949    0.8579   0.02461  0.004783 0.0006133
   286/499     3.03G   0.02631  0.006549   0.00116   0.03402        27       640     0.995    0.9941    0.9949    0.8578   0.02465   0.00478 0.0006087
   287/499     3.03G   0.02578  0.006668  0.001092   0.03354        18       640    0.9949    0.9939    0.9949    0.8599   0.02466  0.004778  0.000597
   288/499     3.03G   0.02584  0.006583  0.001364   0.03379        26       640    0.9955    0.9935    0.9948    0.8595   0.02456   0.00477 0.0005925
   289/499     3.03G   0.02573  0.006517  0.001096   0.03334        24       640    0.9951    0.9943    0.9946    0.8583    0.0246  0.004777 0.0005905
   290/499     3.03G   0.02556  0.006572  0.001109   0.03324        21       640    0.9955    0.9947    0.9943    0.8603   0.02455  0.004767 0.0006069
   291/499     3.03G   0.02633  0.006312 0.0009668    0.0336        23       640     0.995    0.9947    0.9942    0.8612   0.02447  0.004757 0.0006155
   292/499     3.03G    0.0252  0.006475 0.0008403   0.03252        17       640     0.995    0.9945    0.9944    0.8607   0.02444   0.00475 0.0006121
   293/499     3.03G   0.02584  0.006436  0.001023    0.0333        21       640    0.9951    0.9943    0.9945    0.8624   0.02432   0.00474 0.0006023
   294/499     3.03G   0.02532  0.006513  0.001272   0.03311        19       640    0.9952    0.9939    0.9942    0.8617    0.0242   0.00473 0.0005892
   295/499     3.03G   0.02605  0.006371  0.001112   0.03353        12       640    0.9943    0.9941    0.9943    0.8603   0.02426  0.004732 0.0005857
   296/499     3.03G   0.02506  0.006298  0.001005   0.03237        24       640    0.9949    0.9935    0.9946    0.8615   0.02423  0.004727  0.000579
   297/499     3.03G   0.02565  0.006441   0.00093   0.03302        22       640    0.9944    0.9942    0.9944    0.8626   0.02414  0.004718 0.0005681
   298/499     3.03G   0.02518  0.006344 0.0009193   0.03245        21       640    0.9945     0.995    0.9944    0.8648    0.0241  0.004713 0.0005772
   299/499     3.03G   0.02522  0.006383 0.0009097   0.03251        18       640    0.9947    0.9949    0.9943    0.8654    0.0241  0.004707  0.000572
   300/499     3.03G   0.02517  0.006444  0.001004   0.03262        18       640    0.9945    0.9949    0.9944    0.8659   0.02399  0.004699 0.0005738
   301/499     3.03G   0.02514  0.006445  0.001052   0.03263        25       640    0.9947    0.9953    0.9946    0.8641   0.02389  0.004687 0.0005717
   302/499     3.03G   0.02505  0.006357 0.0009561   0.03236        26       640    0.9953    0.9946    0.9945    0.8639   0.02387  0.004685 0.0005721
   303/499     3.03G   0.02539  0.006458  0.001077   0.03293        30       640    0.9944    0.9944    0.9946    0.8636   0.02386  0.004687 0.0005675
   304/499     3.03G   0.02587  0.006379  0.001022   0.03327        23       640    0.9933    0.9944    0.9946    0.8653   0.02375  0.004686 0.0005659
   305/499     3.03G   0.02575  0.006344  0.001139   0.03323        23       640    0.9923    0.9945    0.9945    0.8639   0.02365  0.004684 0.0005742
   306/499     3.03G   0.02485  0.006262 0.0008784   0.03199        23       640    0.9922    0.9944    0.9945    0.8661    0.0236  0.004682 0.0005711
   307/499     3.03G   0.02505  0.006523 0.0009195   0.03249        22       640    0.9947    0.9943    0.9943    0.8646   0.02359  0.004677 0.0005566
   308/499     3.03G   0.02551  0.006308  0.001097   0.03292        24       640    0.9946    0.9942    0.9945    0.8632   0.02359  0.004671 0.0005512
   309/499     3.03G   0.02512  0.006272 0.0008625   0.03225        14       640    0.9954    0.9935    0.9947    0.8643   0.02349  0.004661 0.0005521
   310/499     3.03G   0.02465  0.006073 0.0008498   0.03158        20       640    0.9952    0.9928    0.9946    0.8636   0.02342  0.004649 0.0005468
   311/499     3.03G   0.02504  0.006382  0.001071   0.03249        24       640    0.9952    0.9928    0.9948    0.8635   0.02344  0.004643 0.0005381
   312/499     3.03G    0.0251  0.006179  0.001101   0.03238        12       640    0.9951     0.993    0.9946    0.8661   0.02344  0.004638 0.0005371
   313/499     3.03G   0.02515  0.006243 0.0008509   0.03224        20       640    0.9947    0.9932    0.9947    0.8649   0.02334   0.00463 0.0005361
   314/499     3.03G   0.02422  0.006274 0.0008578   0.03135        20       640    0.9944    0.9936    0.9947    0.8648   0.02332   0.00462 0.0005348
   315/499     3.03G   0.02472  0.006402 0.0008727     0.032        27       640    0.9949    0.9939    0.9949    0.8651   0.02327  0.004615 0.0005294
   316/499     3.03G   0.02472  0.006523 0.0008584    0.0321        18       640    0.9953    0.9938     0.995    0.8672   0.02327  0.004614 0.0005323
   317/499     3.03G   0.02431  0.006349   0.00104    0.0317        21       640    0.9951     0.994     0.995    0.8691   0.02321  0.004612  0.000533
   318/499     3.03G   0.02436  0.006431 0.0009961   0.03179        26       640    0.9948    0.9941    0.9949    0.8707   0.02321  0.004614 0.0005327
   319/499     3.03G   0.02408  0.006384 0.0008067   0.03127        18       640    0.9948     0.994    0.9947    0.8699   0.02314  0.004609 0.0005238
   320/499     3.03G   0.02449  0.006468   0.00102   0.03197        24       640    0.9948    0.9943    0.9948    0.8708    0.0231  0.004604 0.0005209
   321/499     3.03G   0.02407  0.006165 0.0009727   0.03121        16       640    0.9946    0.9946    0.9948    0.8719   0.02305  0.004592  0.000526
   322/499     3.03G   0.02418  0.006179 0.0007615   0.03112        16       640    0.9944    0.9948    0.9946    0.8731   0.02298  0.004583 0.0005219
   323/499     3.03G   0.02457  0.006274 0.0008601    0.0317        20       640    0.9942    0.9947    0.9947    0.8722   0.02295  0.004578 0.0005156
   324/499     3.03G   0.02468  0.006257 0.0009841   0.03192        17       640     0.995    0.9939     0.995    0.8723    0.0229   0.00457 0.0005079
   325/499      2.3G   0.02419  0.006118 0.0008503   0.03116        19       640    0.9916    0.9983    0.9948    0.8731   0.02283  0.004567 0.0005084
   326/499     3.03G   0.02385  0.006288 0.0008137   0.03095        23       640    0.9912    0.9983    0.9948    0.8713   0.02273  0.004562 0.0005015
   327/499     3.03G   0.02413  0.006225  0.000817   0.03118        17       640    0.9951    0.9939    0.9946    0.8722   0.02269  0.004554 0.0004985
   328/499     3.03G   0.02388  0.006262 0.0008159   0.03095        13       640    0.9947    0.9956    0.9946    0.8729   0.02263  0.004546  0.000508
   329/499     3.03G    0.0234  0.006139 0.0008559   0.03039        12       640    0.9951    0.9957    0.9947    0.8742   0.02257   0.00454 0.0005045
   330/499     3.03G   0.02423  0.006148  0.001064   0.03144        18       640    0.9954    0.9958    0.9948    0.8744   0.02252  0.004535 0.0005021
   331/499     3.03G    0.0245  0.006443  0.001177   0.03212        21       640    0.9951    0.9962    0.9949    0.8736   0.02248  0.004535 0.0004916
   332/499     3.03G   0.02415  0.006196 0.0008799   0.03122        17       640    0.9947    0.9992     0.995    0.8726   0.02244  0.004536 0.0004847
   333/499     3.03G   0.02412  0.006206 0.0007069   0.03103        28       640     0.994    0.9991    0.9951    0.8742   0.02237  0.004528 0.0004805
   334/499     3.03G   0.02418  0.006228  0.000739   0.03115        29       640    0.9936    0.9992    0.9951    0.8761   0.02233  0.004522 0.0004718
   335/499     3.03G   0.02422  0.006053 0.0008196   0.03109        18       640     0.993    0.9992    0.9951    0.8765   0.02228  0.004516 0.0004668
   336/499     3.03G   0.02353  0.006198 0.0007018   0.03043        26       640    0.9927    0.9992    0.9951    0.8767   0.02224  0.004511 0.0004702
   337/499     3.03G   0.02406  0.005983 0.0007802   0.03082        26       640    0.9929    0.9992    0.9951    0.8757   0.02222  0.004505 0.0004733
   338/499     3.03G   0.02333  0.006135 0.0008343    0.0303        27       640    0.9924    0.9991     0.995    0.8765   0.02221  0.004501  0.000472
   339/499     3.03G   0.02367  0.006124 0.0008377   0.03063        25       640    0.9914    0.9992     0.995    0.8758   0.02219  0.004494 0.0004667
   340/499     3.03G   0.02309  0.006117 0.0007364   0.02994        24       640    0.9927     0.998     0.995    0.8786    0.0221  0.004489 0.0004543
   341/499     3.03G   0.02364  0.006108 0.0007781   0.03053        18       640    0.9915    0.9993     0.995    0.8782   0.02206  0.004482 0.0004479
   342/499     3.03G   0.02369   0.00608 0.0007776   0.03055        25       640    0.9926    0.9981     0.995    0.8797   0.02202  0.004477 0.0004454
   343/499     3.03G   0.02351  0.006036  0.000933   0.03048        21       640    0.9949    0.9962    0.9951    0.8809   0.02202  0.004473 0.0004447
   344/499     3.03G   0.02383  0.006184 0.0008643   0.03088        15       640     0.995     0.997    0.9951    0.8782   0.02196  0.004467 0.0004412
   345/499     3.03G   0.02335  0.006124 0.0007998   0.03028        23       640    0.9942    0.9969    0.9951    0.8768   0.02194  0.004465 0.0004362
   346/499     3.03G   0.02309  0.006012 0.0008661   0.02997        17       640    0.9951     0.996    0.9952    0.8765   0.02193  0.004461 0.0004348
   347/499     3.03G   0.02306  0.006096 0.0008401      0.03        20       640    0.9943    0.9973    0.9952    0.8781   0.02189  0.004453 0.0004294
   348/499     3.03G   0.02342  0.006125 0.0009619    0.0305        25       640    0.9954    0.9961    0.9952    0.8781   0.02188   0.00445 0.0004292
   349/499     3.03G   0.02302  0.006035  0.001101   0.03015        17       640    0.9953    0.9964    0.9952    0.8797   0.02185  0.004447 0.0004291
   350/499     3.03G   0.02337  0.006119 0.0007976   0.03029        20       640    0.9939    0.9984    0.9952    0.8813   0.02181  0.004438 0.0004256
   351/499     3.03G   0.02384  0.006023 0.0008879   0.03075        20       640    0.9936    0.9996    0.9952    0.8797   0.02179  0.004434 0.0004265
   352/499     3.03G   0.02304  0.006142 0.0008521   0.03003        27       640    0.9941    0.9996    0.9951    0.8792   0.02176   0.00443 0.0004304
   353/499     3.03G   0.02308  0.005981 0.0007771   0.02983        15       640    0.9943    0.9997    0.9952    0.8784   0.02172  0.004424 0.0004297
   354/499     3.03G   0.02268  0.005857 0.0006631    0.0292        19       640    0.9944    0.9997    0.9953    0.8817   0.02168  0.004422 0.0004248
   355/499     3.03G   0.02281  0.006108 0.0007204   0.02964        26       640    0.9947    0.9997    0.9953    0.8816   0.02163  0.004415 0.0004246
   356/499     3.03G   0.02267  0.006012 0.0007593   0.02944        13       640    0.9956    0.9996    0.9953    0.8825   0.02157  0.004408  0.000422
   357/499     3.03G   0.02281  0.006099 0.0006876    0.0296        14       640     0.996    0.9994    0.9953    0.8832   0.02152  0.004404 0.0004211
   358/499     3.03G   0.02293  0.006134 0.0007637   0.02983        27       640     0.996    0.9994    0.9953    0.8837   0.02146  0.004401 0.0004211
   359/499     3.03G   0.02297  0.005994 0.0006998   0.02967        17       640    0.9955    0.9994    0.9952    0.8846   0.02138  0.004393 0.0004205
   360/499     3.03G   0.02256  0.006064 0.0007628   0.02939        24       640     0.995    0.9997    0.9952     0.886   0.02132  0.004385 0.0004178
   361/499     3.03G   0.02348  0.006091 0.0007737   0.03035        20       640    0.9945    0.9997    0.9953    0.8853   0.02128  0.004382 0.0004171
   362/499     3.03G   0.02287  0.006003 0.0008001   0.02967        25       640    0.9947    0.9997    0.9953    0.8849   0.02122  0.004377 0.0004199
   363/499     3.03G   0.02301  0.006005 0.0006238   0.02964        22       640    0.9948    0.9996    0.9952    0.8849   0.02119  0.004373  0.000418
   364/499     3.03G   0.02261  0.006032 0.0007308   0.02937        14       640    0.9948    0.9997    0.9952    0.8855   0.02114  0.004369 0.0004144
   365/499     3.03G   0.02327  0.005911 0.0006347   0.02982        17       640    0.9944    0.9996    0.9951    0.8853   0.02108  0.004364 0.0004093
   366/499     3.03G   0.02268   0.00592 0.0006812   0.02928        18       640    0.9941    0.9995     0.995    0.8856   0.02103  0.004356 0.0004055
   367/499     3.03G   0.02238  0.005919 0.0007896   0.02909        21       640    0.9943    0.9995     0.995    0.8852   0.02097  0.004351 0.0004028
   368/499     3.03G   0.02221  0.006156 0.0007866   0.02915        26       640    0.9953    0.9994    0.9951    0.8853   0.02092  0.004346 0.0004044
   369/499     3.03G   0.02276     0.006 0.0006603   0.02942        24       640    0.9957    0.9994    0.9952    0.8853   0.02087  0.004343 0.0004035
   370/499     3.03G   0.02275  0.005893  0.000727   0.02937        21       640    0.9958    0.9993    0.9952    0.8859   0.02086  0.004341 0.0003994
   371/499     3.03G   0.02208  0.006025 0.0006912    0.0288        27       640    0.9959    0.9992    0.9952    0.8875   0.02083  0.004339 0.0003975
   372/499     3.03G    0.0223  0.005995 0.0006631   0.02896        20       640    0.9961    0.9992    0.9952    0.8881   0.02076  0.004334  0.000394
   373/499     3.03G   0.02271  0.005943 0.0006845   0.02934        31       640    0.9956    0.9992    0.9952    0.8866   0.02074  0.004327 0.0003849
   374/499     3.03G   0.02198    0.0059 0.0006257    0.0285         8       640    0.9955    0.9994    0.9952    0.8868   0.02069  0.004321  0.000383
   375/499     3.03G   0.02256  0.005813 0.0006722   0.02904        19       640    0.9952    0.9995    0.9952    0.8875   0.02067  0.004314 0.0003765
   376/499     3.03G   0.02245  0.005905 0.0007389   0.02909        17       640    0.9951    0.9995    0.9952    0.8881   0.02061  0.004303 0.0003752
   377/499     3.03G     0.022  0.005878 0.0006066   0.02849        31       640    0.9949    0.9995    0.9952    0.8875   0.02054  0.004295 0.0003753
   378/499     3.03G   0.02221  0.005942 0.0005963   0.02875        29       640    0.9951    0.9996    0.9952    0.8872   0.02049  0.004289 0.0003717
   379/499     3.03G   0.02195  0.006043 0.0006859   0.02867        21       640    0.9956    0.9994    0.9952     0.888   0.02044  0.004283 0.0003715
   380/499     3.03G   0.02232  0.005907 0.0006158   0.02884        23       640    0.9955    0.9994    0.9952    0.8878    0.0204  0.004279 0.0003672
   381/499     3.03G   0.02174  0.005942 0.0005917   0.02828        23       640    0.9959    0.9991    0.9952    0.8877   0.02034  0.004275 0.0003657
   382/499     3.03G   0.02249  0.005959 0.0005823   0.02903        30       640    0.9958    0.9991    0.9952    0.8889   0.02029  0.004271 0.0003645
   383/499     3.03G   0.02167  0.005901 0.0006695   0.02824        22       640    0.9958     0.999    0.9952    0.8892   0.02025  0.004268 0.0003645
   384/499     3.03G   0.02193  0.005828 0.0006308   0.02839        13       640    0.9964    0.9988    0.9952    0.8884   0.02018  0.004263 0.0003642
   385/499     3.03G     0.022  0.005921 0.0006883   0.02861        19       640    0.9965    0.9987    0.9952    0.8882   0.02015   0.00426 0.0003625
   386/499     3.03G   0.02214  0.005862 0.0006237   0.02862        30       640    0.9964     0.999    0.9953    0.8887   0.02011  0.004255 0.0003599
   387/499     3.03G   0.02211  0.005848  0.000616   0.02857        27       640    0.9963    0.9986    0.9953      0.89   0.02006   0.00425 0.0003594
   388/499     3.03G   0.02165  0.005994 0.0006451   0.02829        18       640    0.9964    0.9989    0.9953    0.8912   0.02002  0.004245 0.0003565
   389/499     3.03G   0.02161   0.00585 0.0006575   0.02812        26       640    0.9965    0.9988    0.9953    0.8912   0.01996  0.004239 0.0003537
   390/499     3.03G   0.02172  0.005837 0.0005837   0.02814        24       640    0.9965    0.9988    0.9953    0.8922   0.01992  0.004235 0.0003502
   391/499     3.03G   0.02167  0.005912 0.0007189    0.0283        21       640    0.9965    0.9988    0.9953    0.8933   0.01987   0.00423 0.0003485
   392/499     3.03G   0.02221   0.00571 0.0006386   0.02856        23       640    0.9966    0.9987    0.9953    0.8932   0.01983  0.004227 0.0003474
   393/499     3.03G   0.02114  0.005832   0.00052   0.02749        17       640    0.9967    0.9988    0.9953    0.8934   0.01979  0.004222 0.0003453
   394/499     3.03G   0.02172  0.005806 0.0005849   0.02811        21       640    0.9964    0.9988    0.9952    0.8942   0.01975  0.004218 0.0003434
   395/499     3.03G   0.02198  0.005955 0.0007002   0.02863        19       640    0.9966    0.9987    0.9953    0.8944    0.0197  0.004214 0.0003417
   396/499     3.03G   0.02228  0.005741 0.0005934   0.02861        12       640    0.9964    0.9989    0.9953    0.8944   0.01965  0.004212 0.0003403
   397/499     3.03G   0.02113  0.005694 0.0006056   0.02743        24       640    0.9964    0.9988    0.9953    0.8935   0.01961  0.004209 0.0003376
   398/499     3.03G   0.02188  0.005856 0.0005937   0.02833        22       640    0.9964    0.9987    0.9953    0.8942   0.01955  0.004205 0.0003354
   399/499     3.03G   0.02126  0.005758 0.0006206   0.02763        21       640    0.9965    0.9987    0.9954    0.8943    0.0195  0.004202 0.0003352
   400/499     3.03G   0.02115  0.005757   0.00062   0.02753        18       640     0.996    0.9992    0.9954    0.8938   0.01945  0.004197 0.0003362
   401/499     3.03G   0.02132   0.00584 0.0006053   0.02776        18       640     0.996    0.9989    0.9954     0.894    0.0194   0.00419 0.0003369
   402/499     3.03G    0.0212  0.005837 0.0006637    0.0277        25       640    0.9959    0.9988    0.9954    0.8947   0.01936  0.004187 0.0003366
   403/499     3.03G   0.02115  0.005756 0.0005574   0.02746        26       640    0.9958    0.9987    0.9954    0.8948   0.01932  0.004183 0.0003371
   404/499     3.03G   0.02135  0.005855 0.0006117   0.02782        30       640    0.9957    0.9983    0.9954    0.8948   0.01929  0.004179 0.0003381
   405/499     3.03G   0.02148  0.005699 0.0005606   0.02774        23       640    0.9955    0.9985    0.9954     0.894   0.01924  0.004175 0.0003366
   406/499     3.03G   0.02128  0.005707 0.0006397   0.02763        23       640    0.9957    0.9983    0.9954    0.8941   0.01921  0.004169 0.0003375
   407/499     3.03G    0.0211  0.005672 0.0005626   0.02734        23       640    0.9956    0.9983    0.9954    0.8955   0.01915  0.004164  0.000336
   408/499     3.03G   0.02094  0.005895 0.0005838   0.02742        22       640    0.9957    0.9983    0.9954    0.8957    0.0191   0.00416 0.0003333
   409/499     3.03G     0.021  0.005664 0.0006153   0.02728        24       640    0.9958    0.9984    0.9954    0.8971   0.01905  0.004156 0.0003297
   410/499     3.03G   0.02125  0.005636 0.0005078    0.0274        14       640    0.9958    0.9984    0.9954    0.8967     0.019  0.004152 0.0003273
   411/499     3.03G   0.02092  0.005477 0.0005904   0.02699        20       640    0.9964    0.9979    0.9954    0.8953   0.01898  0.004148 0.0003256
   412/499     3.03G   0.02138  0.005822 0.0006935   0.02789        24       640    0.9963     0.998    0.9954    0.8962   0.01895  0.004145 0.0003225
   413/499     3.03G   0.02129  0.005536 0.0006436   0.02747        12       640    0.9963     0.998    0.9954     0.897   0.01891  0.004141 0.0003203
   414/499     3.03G   0.02101  0.005618 0.0005797   0.02721        20       640    0.9965    0.9983    0.9954    0.8961   0.01886  0.004136 0.0003174
   415/499     3.03G   0.02069  0.005709 0.0005191   0.02692        20       640    0.9965    0.9983    0.9954    0.8977   0.01882  0.004131 0.0003149
   416/499     3.03G   0.02078  0.005791 0.0005687   0.02714        27       640    0.9965    0.9984    0.9954    0.8979   0.01879  0.004127  0.000314
   417/499     3.03G   0.02097  0.005913 0.0005528   0.02744        18       640    0.9965    0.9984    0.9954     0.898   0.01876  0.004124 0.0003134
   418/499     3.03G    0.0205  0.005715 0.0006279   0.02684        21       640    0.9957    0.9991    0.9954    0.8973   0.01872   0.00412  0.000312
   419/499     3.03G   0.02112   0.00587 0.0005885   0.02758        26       640    0.9958    0.9991    0.9954    0.8976   0.01869  0.004117 0.0003118
   420/499     3.03G   0.02062  0.005777 0.0005835   0.02698        18       640    0.9959    0.9991    0.9954    0.8985   0.01865  0.004113  0.000312
   421/499     3.03G   0.02079  0.005843 0.0007244   0.02736        24       640    0.9959    0.9992    0.9954    0.8993   0.01861  0.004108 0.0003105
   422/499     3.03G   0.02045  0.005619 0.0006748   0.02675        16       640    0.9958    0.9993    0.9954    0.8996   0.01857  0.004103   0.00031
   423/499     3.03G   0.02061  0.005604  0.000514   0.02673        16       640    0.9964    0.9988    0.9954    0.9005   0.01854  0.004097 0.0003074
   424/499     3.03G   0.02063  0.005649 0.0005468   0.02682        20       640    0.9964    0.9989    0.9954    0.9011   0.01849  0.004092 0.0003053
   425/499     3.03G   0.02093  0.005662 0.0005055    0.0271        17       640    0.9963    0.9989    0.9954    0.9012   0.01845  0.004086 0.0003025
   426/499     3.03G   0.02123  0.005772 0.0005766   0.02758        28       640    0.9958    0.9994    0.9954    0.9016    0.0184  0.004083 0.0003013
   427/499     3.03G   0.02083   0.00581 0.0004999   0.02714        22       640    0.9958    0.9994    0.9954    0.9018   0.01835  0.004079 0.0002991
   428/499     3.03G   0.02072  0.005676 0.0006314   0.02703        27       640    0.9959    0.9994    0.9954    0.9024   0.01829  0.004074 0.0002975
   429/499     3.03G   0.02101  0.005842 0.0005124   0.02737        18       640    0.9959    0.9994    0.9954    0.9023   0.01824  0.004071 0.0002963
   430/499     3.03G   0.02081  0.005802 0.0006019   0.02721        27       640    0.9959    0.9994    0.9954    0.9025   0.01819  0.004067 0.0002946
   431/499     3.03G   0.02097  0.005718 0.0006451   0.02733        18       640    0.9958    0.9993    0.9953    0.9024   0.01815  0.004064 0.0002933
   432/499     3.03G   0.02079  0.005725 0.0006538   0.02717        21       640    0.9958    0.9993    0.9953     0.903   0.01811  0.004062 0.0002918
   433/499     3.03G   0.02065  0.005719 0.0005705   0.02694        21       640    0.9958    0.9993    0.9953    0.9028   0.01807  0.004059 0.0002898
   434/499     3.03G   0.02119  0.005697 0.0005183   0.02741        24       640    0.9959    0.9993    0.9954    0.9021   0.01803  0.004055  0.000288
   435/499     3.03G   0.02094  0.005671 0.0006054   0.02722        27       640    0.9958    0.9993    0.9954    0.9019   0.01796  0.004051 0.0002867
   436/499     3.03G   0.02074  0.005711 0.0005889   0.02704        17       640    0.9959    0.9994    0.9954    0.9032   0.01791  0.004046 0.0002861
   437/499     3.03G   0.02084  0.005562 0.0006938   0.02709        23       640    0.9958    0.9994    0.9954    0.9027   0.01785  0.004043 0.0002848
   438/499     3.03G   0.02101  0.005656 0.0005502   0.02721        17       640    0.9959    0.9995    0.9954    0.9018   0.01781  0.004039 0.0002833
   439/499     3.03G   0.02041  0.005797 0.0005911    0.0268        26       640    0.9959    0.9995    0.9954    0.9032   0.01778  0.004035 0.0002817
   440/499     3.03G   0.02022  0.005772  0.000593   0.02658        16       640    0.9959    0.9995    0.9954    0.9029   0.01775  0.004031 0.0002805
   441/499     3.03G   0.02106  0.005759  0.000558   0.02738        16       640    0.9959    0.9996    0.9954    0.9024   0.01771  0.004027 0.0002793
   442/499     3.03G   0.02073  0.005742 0.0006653   0.02714        16       640    0.9961    0.9993    0.9954    0.9033   0.01768  0.004022 0.0002783
   443/499     3.03G   0.02076  0.005925 0.0008176   0.02751        21       640    0.9959    0.9996    0.9954     0.903   0.01763  0.004018 0.0002774
   444/499     3.03G   0.02059  0.005749 0.0006329   0.02698        23       640     0.996    0.9995    0.9954    0.9036   0.01758  0.004014 0.0002765
   445/499     3.03G   0.02075  0.005809 0.0006736   0.02723        18       640    0.9961    0.9995    0.9954    0.9048   0.01755  0.004011 0.0002756
   446/499     3.03G   0.02098  0.005808  0.000544   0.02733        14       640     0.996    0.9996    0.9954    0.9054   0.01752  0.004008 0.0002749
   447/499     3.03G   0.01994  0.005621 0.0005441   0.02611        18       640     0.996    0.9996    0.9954    0.9051   0.01749  0.004005 0.0002741
   448/499     3.03G   0.02015  0.005732 0.0005445   0.02643        18       640    0.9961    0.9995    0.9954    0.9035   0.01745  0.004002 0.0002734
   449/499     3.03G   0.02082  0.005675 0.0005287   0.02702        12       640    0.9962    0.9996    0.9954    0.9039   0.01742  0.003999 0.0002717
   450/499     3.03G   0.02028  0.005655 0.0005489   0.02648        20       640    0.9962    0.9996    0.9954    0.9033   0.01738  0.003997 0.0002705
   451/499     3.03G   0.02079    0.0058 0.0006687   0.02725        22       640    0.9962    0.9997    0.9954    0.9034   0.01734  0.003993 0.0002689
   452/499     3.03G    0.0206  0.005564  0.000619   0.02679        23       640    0.9962    0.9997    0.9954    0.9036   0.01731  0.003991 0.0002682
   453/499     3.03G   0.02015  0.005784  0.000545   0.02648        22       640    0.9962    0.9997    0.9954    0.9038   0.01727  0.003987 0.0002671
   454/499     3.03G   0.02073   0.00576 0.0005919   0.02708        19       640    0.9962    0.9997    0.9954    0.9047   0.01724  0.003984 0.0002661
   455/499     3.03G   0.02097  0.005738 0.0005632   0.02727        20       640    0.9963    0.9997    0.9954    0.9054   0.01721  0.003981  0.000265
   456/499     3.03G   0.02051  0.005707 0.0006165   0.02684        30       640    0.9963    0.9997    0.9954    0.9064   0.01717  0.003978 0.0002648
   457/499     3.03G   0.02059  0.005651 0.0006986   0.02694        19       640    0.9963    0.9997    0.9954    0.9045   0.01713  0.003975 0.0002645
   458/499     3.03G   0.02049  0.005633 0.0005048   0.02662        16       640    0.9963    0.9997    0.9954    0.9063   0.01708  0.003971 0.0002637
   459/499     3.03G   0.02022  0.005556 0.0005316   0.02631        24       640    0.9963    0.9997    0.9954    0.9059   0.01704  0.003967 0.0002622
   460/499     3.03G   0.02093  0.005679 0.0007094   0.02732        27       640    0.9963    0.9997    0.9954    0.9078     0.017  0.003963 0.0002612
   461/499     3.03G   0.01987  0.005659 0.0005584   0.02609        19       640    0.9962    0.9997    0.9954    0.9077   0.01697  0.003959 0.0002606
   462/499     3.03G   0.02041  0.005548 0.0006929   0.02665        19       640    0.9962    0.9997    0.9954    0.9075   0.01693  0.003955 0.0002601
   463/499     3.03G   0.02027  0.005688 0.0006952   0.02665        25       640    0.9962    0.9997    0.9954    0.9075   0.01689   0.00395 0.0002598
   464/499     3.03G   0.01997  0.005432 0.0006177   0.02602        18       640    0.9962    0.9997    0.9954    0.9077   0.01685  0.003948 0.0002591
   465/499     3.03G   0.02025  0.005692   0.00053   0.02647        17       640    0.9962    0.9997    0.9954    0.9078   0.01682  0.003944  0.000258
   466/499     3.03G   0.02029  0.005645 0.0005963   0.02653        17       640    0.9962    0.9997    0.9954    0.9086   0.01679   0.00394 0.0002574
   467/499     3.03G    0.0198  0.005493 0.0005599   0.02585        18       640    0.9962    0.9997    0.9954    0.9079   0.01675  0.003936 0.0002571
   468/499     3.03G    0.0204  0.005827 0.0005491   0.02678        19       640    0.9963    0.9997    0.9954    0.9074   0.01672  0.003933 0.0002566
   469/499     3.03G   0.02021  0.005512  0.000533   0.02626        26       640    0.9963    0.9997    0.9954    0.9076   0.01668  0.003929 0.0002563
   470/499     3.03G   0.02028  0.005619 0.0005484   0.02645        23       640    0.9963    0.9997    0.9954    0.9075   0.01665  0.003926 0.0002556
   471/499     3.03G    0.0198  0.005623 0.0005878   0.02601        22       640    0.9963    0.9997    0.9954    0.9074   0.01662  0.003923 0.0002546
   472/499     3.03G   0.01972  0.005535 0.0005919   0.02584        24       640    0.9963    0.9997    0.9954    0.9072   0.01658   0.00392 0.0002541
   473/499     3.03G   0.02009  0.005427 0.0004459   0.02596        25       640    0.9963    0.9997    0.9954    0.9078   0.01654  0.003916 0.0002534
   474/499     3.03G   0.02005  0.005401 0.0005675   0.02602        24       640    0.9963    0.9997    0.9954     0.908   0.01651  0.003913 0.0002526
   475/499     3.03G   0.01985  0.005719 0.0004942   0.02607        17       640    0.9963    0.9997    0.9954    0.9096   0.01647  0.003909 0.0002517
   476/499     3.03G   0.01977  0.005538  0.000622   0.02593        25       640    0.9963    0.9997    0.9954    0.9086   0.01644  0.003906 0.0002512
   477/499     3.03G   0.01988  0.005594 0.0006739   0.02615        24       640    0.9963    0.9997    0.9954     0.909   0.01641  0.003903 0.0002507
   478/499     3.03G   0.02015  0.005714  0.000675   0.02654        24       640    0.9963    0.9997    0.9954    0.9095   0.01638  0.003899   0.00025
   479/499     3.03G   0.01915  0.005603 0.0005601   0.02531        15       640    0.9963    0.9997    0.9954    0.9097   0.01634  0.003896 0.0002493
   480/499     3.03G   0.01979  0.005578 0.0006922   0.02606        19       640    0.9963    0.9997    0.9954    0.9094   0.01631  0.003892 0.0002486
   481/499     3.03G   0.02009  0.005702  0.000527   0.02632        23       640    0.9963    0.9997    0.9954    0.9104   0.01628  0.003889 0.0002477
   482/499     3.03G   0.01982  0.005472 0.0005717   0.02586        26       640    0.9963    0.9997    0.9954    0.9109   0.01624  0.003885 0.0002471
   483/499     3.03G   0.01978  0.005554 0.0006153   0.02595        29       640    0.9964    0.9997    0.9954    0.9113   0.01622  0.003881 0.0002464
   484/499     3.03G   0.01956  0.005589 0.0006756   0.02582        23       640    0.9963    0.9998    0.9954    0.9109   0.01619  0.003877 0.0002462
   485/499     3.03G    0.0194  0.005724 0.0005348   0.02565        26       640    0.9963    0.9998    0.9954    0.9104   0.01616  0.003875 0.0002457
   486/499     3.03G   0.01989  0.005509 0.0004657   0.02587        23       640    0.9963    0.9998    0.9954    0.9113   0.01613  0.003871  0.000245
   487/499     3.03G   0.01966  0.005518   0.00052   0.02569        24       640    0.9963    0.9997    0.9954    0.9113    0.0161  0.003868 0.0002445
   488/499     3.03G   0.01984  0.005485 0.0005817   0.02591        14       640    0.9964    0.9997    0.9954    0.9112   0.01606  0.003864 0.0002442
   489/499     3.03G   0.01946   0.00551 0.0005103   0.02548        24       640    0.9964    0.9997    0.9954     0.911   0.01603  0.003862 0.0002437
   490/499     3.03G   0.01936  0.005633 0.0005223   0.02551        20       640    0.9964    0.9997    0.9954    0.9111     0.016  0.003858 0.0002431
   491/499     3.03G   0.01971  0.005515 0.0005563   0.02578        19       640    0.9963    0.9998    0.9954    0.9117   0.01596  0.003854 0.0002427
   492/499     3.03G   0.01934  0.005588 0.0005346   0.02546        21       640    0.9963    0.9998    0.9955    0.9119   0.01592   0.00385 0.0002423
   493/499     3.03G   0.01968  0.005477 0.0004849   0.02565        24       640    0.9963    0.9998    0.9955    0.9118   0.01589  0.003847 0.0002415
   494/499     3.03G    0.0192  0.005547 0.0005257   0.02527        18       640    0.9963    0.9998    0.9955     0.912   0.01586  0.003843 0.0002411
   495/499     3.03G   0.01935  0.005657 0.0005473   0.02555        19       640    0.9963    0.9997    0.9955    0.9121   0.01584  0.003839 0.0002406
   496/499     3.03G   0.01918  0.005574 0.0005635   0.02532        25       640    0.9963    0.9998    0.9955     0.912   0.01581  0.003836 0.0002403
   497/499     3.03G    0.0195  0.005363 0.0004908   0.02535        16       640    0.9963    0.9997    0.9955    0.9117   0.01578  0.003832 0.0002401
   498/499     3.03G   0.01922  0.005462 0.0004723   0.02515        15       640    0.9963    0.9997    0.9955    0.9118   0.01575  0.003829 0.0002393
   499/499     3.03G   0.01965   0.00545 0.0005667   0.02566        26       640    0.9964    0.9997    0.9955    0.9119   0.01573  0.003827 0.0002387
